5.7 2.8 4.1 1.3 2.0
5.7 2.8 4.1 1.3 2.0
5.7 2.8 4.1 1.3 2.0
5.7 2.8 4.1 1.3 2.0
5.7 2.8 4.1 1.3 2.0
5.7 2.8 4.1 1.3 2.0
5.7 2.8 4.1 1.3 2.0
5.7 2.8 4.1 1.3 2.0
5.7 2.8 4.1 1.3 2.0
5.7 2.8 4.1 1.3 2.0
5.7 2.8 4.1 1.3 2.0
5.7 2.8 4.1 1.3 2.0
5.7 2.8 4.1 1.3 2.0
5.7 2.8 4.1 1.3 2.0
5.7 2.8 4.1 1.3 2.0
5.7 2.8 4.1 1.3 2.0
5.7 2.8 4.1 1.3 2.0
5.7 2.8 4.1 1.3 2.0
5.7 2.8 4.1 1.3 2.0
5.7 2.8 4.1 1.3 2.0
5.7 2.8 4.1 1.3 2.0
5.7 2.8 4.1 1.3 2.0
5.7 2.8 4.1 1.3 2.0
5.7 2.8 4.1 1.3 2.0
5.7 2.8 4.1 1.3 2.0
5.7 2.8 4.1 1.3 2.0
5.7 2.8 4.1 1.3 2.0
5.7 2.8 4.1 1.3 2.0
5.7 2.8 4.1 1.3 2.0
5.7 2.8 4.1 1.3 2.0
5.7 2.8 4.1 1.3 2.0
5.7 2.8 4.1 1.3 2.0
5.7 2.8 4.1 1.3 2.0
5.7 2.8 4.1 1.3 2.0
5.7 2.8 4.1 1.3 2.0
5.7 2.8 4.1 1.3 2.0
5.7 2.8 4.1 1.3 2.0
5.7 2.8 4.1 1.3 2.0
5.7 2.8 4.1 1.3 2.0
5.7 2.8 4.1 1.3 2.0
5.7 2.8 4.1 1.3 2.0
5.7 2.8 4.1 1.3 2.0
5.7 2.8 4.1 1.3 2.0
5.7 2.8 4.1 1.3 2.0
5.7 2.8 4.1 1.3 2.0
5.7 2.8 4.1 1.3 2.0
5.7 2.8 4.1 1.3 2.0
5.7 2.8 4.1 1.3 2.0
5.7 2.8 4.1 1.3 2.0
5.7 2.8 4.1 1.3 2.0